Wyniki testowania:
	Wierzcholki: 12, Krawedzie: 10
0.0
0.0009989738464355469
0.0009953975677490234
0.0019888877868652344
0.002999544143676758
0.004999399185180664
0.0
0.0010035037994384766
0.0019991397857666016
0.0030007362365722656
		Srednia czasow:
0.001798558235168457
	Wierzcholki: 15, Krawedzie: 12
0.005042314529418945
0.08800077438354492
0.005000114440917969
0.006999969482421875
0.0029997825622558594
0.10599923133850098
0.021998882293701172
0.015999555587768555
0.03300070762634277
0.0030059814453125
		Srednia czasow:
0.028804731369018555
	Wierzcholki: 16, Krawedzie: 20
0.03800058364868164
0.05899977684020996
0.03399848937988281
0.014000177383422852
0.03600001335144043
0.16100072860717773
0.012002706527709961
0.019997358322143555
0.058008670806884766
0.6459476947784424
		Srednia czasow:
0.1077956199645996
	Wierzcholki: 20, Krawedzie: 24
0.5215411186218262
0.5710053443908691
0.4537229537963867
0.8999557495117188
0.6028861999511719
8.684365034103394
0.534512996673584
1.6604738235473633
0.8850135803222656
0.6795508861541748
		Srednia czasow:
1.5493027687072753
ALL SREDNIE:
0.001798558235168457
0.028804731369018555
0.1077956199645996
1.5493027687072753
